$ 1 0.000005 10.20027730826997 50 5 50 5e-11
v 208 160 208 32 0 0 40 5 0 0 0.5
162 400 96 512 96 2 default-led 1 0 0 0.01
162 400 32 512 32 2 default-led 1 0 0 0.01
162 400 160 512 160 2 default-led 1 0 0 0.01
r 304 160 400 160 0 6000
s 208 32 304 32 0 0 false
w 512 224 208 224 0
r 304 96 400 96 0 3000
r 304 32 400 32 0 1000
w 208 224 208 160 0
c 400 96 512 160 4 0.000049999999999999996 1.5746506474961839 0.001 0.1
c 400 160 512 224 4 0.000049999999999999996 1.5095705668785497 0.001 0.1
w 304 32 304 96 0
w 304 96 304 160 0
c 400 32 512 96 4 0.000049999999999999996 1.677783038291876 0.001 0.1
w 512 32 512 96 0
w 512 96 512 160 0
w 512 160 512 224 0
o 1 64 0 4099 2.5 0.0015625 0 2 1 3
o 2 64 0 4099 2.5 0.00625 1 2 2 3
o 3 64 0 4099 5 0.00078125 2 2 3 3
